1.472341967531653584e+00
1.715212221944391269e+00
1.731119770605102470e+00
1.265943157118897711e+00
1.357800809373676421e+00
2.538900748339278923e+00
2.037693695731038090e+00
2.060033444816053549e+00
3.639865565319942320e+00
2.409145406779580778e+00
1.944090436506002550e+00
1.332912310518274301e+00
2.271030401590097725e+00
3.210382932218515784e+00
2.423033430621941875e+00
2.117650711962278720e+00
2.047788984253185340e+00
1.540153147819222301e+00
1.381912807726755732e+00
1.594584236659906118e+00
1.533213293164249480e+00
2.074551584784192215e+00
1.688339563686481082e+00
1.671746193081874887e+00
1.472284077717616935e+00
1.387240021031037829e+00
2.313781387020823921e+00
1.793405128927054726e+00
1.853950129584909456e+00
2.012434578216415471e+00
2.048590852615045588e+00
2.489714770907276442e+00
2.005003773712909609e+00
4.390185399829578117e+00
2.568539014660670361e+00
2.170186521383500544e+00
2.726263655280041664e+00
1.865836867662425513e+00
1.617572038064763573e+00
1.372821626840453835e+00
2.521535577844868037e+00
2.917367932961427712e+00
1.647158004354823513e+00
2.118518544653946289e+00
3.322710151281579538e+00
2.461418617088209082e+00
1.613904892100380684e+00
2.386522767087777996e+00
2.313342405577042182e+00
2.020735174943486534e+00
2.137350072117209177e+00
2.299746701366422563e+00
1.837370530952135095e+00
1.420641637731481444e+00
2.837566652255368194e+00
1.976509532175157791e+00
1.659759744037230922e+00
1.764998004860884429e+00
1.740325385477450970e+00
3.081427544048902956e+00
1.349359758762346040e+00
1.993687124678985789e+00
1.915077869426766943e+00
1.565867844386523711e+00
1.882094095138707734e+00
2.183239680033985497e+00
2.280259963790177924e+00
1.254714631987359219e+00
2.308173277860101180e+00
1.731850173475890431e+00
2.352959925854833489e+00
2.389857100662456268e+00
2.461507456957220175e+00
1.707414891458713724e+00
2.417517495299770225e+00
1.668407218698369832e+00
2.209898225704764130e+00
1.986833904643191095e+00
1.856862703185415464e+00
2.550912880966072382e+00
1.636290883785664674e+00
1.592353825064585893e+00
1.900970153811256447e+00
1.576719957504412406e+00
1.526837344128745277e+00
1.706331627619191105e+00
2.046267722226424279e+00
1.824990893269113901e+00
2.101844162645419622e+00
8.094575538823772787e-01
2.468847163187902094e+00
1.747747613576727144e+00
2.061892974674488510e+00
3.284918323745354307e+00
2.118157440876981656e+00
2.421401196934056532e+00
2.761444425579205664e+00
1.614268082603306675e+00
1.855277107737639541e+00
1.465054934944822973e+00
1.698926607906449116e+00
1.428003615427851036e+00
1.215600070624869522e+00
1.340854257907542424e+00
1.765455143383320102e+00
1.535267697942267695e+00
1.515928122062332850e+00
2.303461714148335115e+00
1.195766270968368294e+00
1.123760112856074578e+00
1.258173865035885575e+00
1.647858634766923069e+00
2.339171369450714799e+00
2.183919153104279420e+00
1.712358482595471632e+00
1.326897763378253492e+00
1.359709911694313655e+00
2.523888590923989206e+00
1.758641114622709667e+00
4.371658407220547105e+00
1.818798014419099385e+00
2.683809412940246553e+00
1.938109083209134553e+00
1.844390794298704117e+00
2.015992377181278883e+00
2.194376810753031481e+00
1.789004120649563268e+00
2.727469884127416755e+00
1.836501669417411442e+00
1.802649074242149263e+00
2.202293235796616511e+00
2.291626171997877659e+00
2.109167783341561186e+00
1.831285319676782652e+00
2.389406496960129189e+00
2.281589759356046798e+00
1.596990275973386941e+00
1.004923374008792392e+00
2.756780092625646716e+00
1.284366049705891299e+00
1.923021345554673411e+00
2.625558681941293937e+00
2.297778998366289294e+00
1.326788951599110478e+00
9.842866605796946056e-01
1.695600278427910057e+00
2.036660351320375373e+00
2.449824596476697369e+00
1.074143074652013086e+00
2.248921802452758190e+00
1.271921102529713687e+00
1.162325051361068340e+00
1.774361824311807556e+00
1.741338178847751550e+00
2.290863583274935777e+00
2.694934832031856686e+00
2.250860751591051034e+00
1.419060311487404524e+00
1.027082857215408485e+00
1.199314554440425784e+00
1.539966820746958565e+00
1.834735102570181464e+00
2.202943175733873105e+00
3.346617719109804323e+00
1.396965388724226154e+00
1.444028892859839486e+00
1.979214727834166299e+00
2.104959171667255102e+00
2.108062023037656996e+00
2.299854730891882415e+00
2.313924015682809365e+00
2.560007302823758213e+00
1.747651522666402224e+00
2.259982021850366785e+00
3.246087734253811696e+00
2.262303078695099501e+00
2.415326310200774262e+00
3.042796113174133232e+00
1.832123846844640358e+00
1.540372557777888174e+00
3.036721677305516565e+00
4.225485639756182188e+00
2.997262346738215122e+00
2.187320997832126857e+00
2.898052469889322857e+00
1.761274947188603335e+00
1.331654710894997873e+00
1.636673523509897032e+00
1.529595046445921591e+00
1.802443029081133741e+00
2.190823790865555232e+00
1.987291285294280785e+00
1.722285229940667683e+00
1.768978139140051420e+00
1.905291480731252873e+00
1.506319568938450315e+00
1.738625249462988132e+00
1.423437317532609381e+00
1.396399687979668292e+00
1.105194506310319236e+00
9.631788389513108450e-01
1.271840765912547022e+00
1.639566057958082634e+00
1.654185438311522427e+00
1.170496606798548500e+00
1.256256315427832337e+00
9.770390507214110620e-01
9.758383289242692493e-01
1.148282973694554787e+00
2.377954159680391033e+00
1.288889229668251257e+00
1.895602127175941343e+00
1.259329248845129090e+00
1.315288341122208937e+00
1.486413838988689173e+00
1.823958604762853764e+00
1.469716367581065164e+00
1.143301786630497308e+00
4.467847200169365429e+00
1.493433431915270226e+00
1.522699446409927049e+00
1.467416427549463664e+00
1.981201145897278471e+00
1.820369215579286548e+00
3.044201383303844377e+00
1.657663707947838905e+00
1.564643925511754130e+00
1.298940954536879966e+00
1.020658068471187452e+00
1.519513918983057987e+00
1.667320307669737156e+00
1.728969344580890688e+00
1.517642235398006800e+00
1.551386081206023837e+00
1.672381793211693113e+00
1.440190887102046124e+00
1.737167213912197417e+00
2.071850742876342188e+00
1.600160626149937038e+00
1.405209138225131493e+00
1.474773906994166994e+00
1.294966101273996140e+00
9.583801735196814109e-01
2.009435415119764645e+00
1.779082251440227136e+00
2.627814422395956306e+00
1.344639325586693968e+00
1.864680912148306113e+00
1.837299043119863029e+00
2.474679574696950990e+00
2.199052262719874751e+00
2.397873249531370821e+00
1.489599300978355023e+00
2.620098950800100912e+00
1.632930163011072189e+00
2.029561897909421653e+00
1.731243463929255766e+00
2.335989333114338429e+00
1.591915191478107117e+00
1.869325156173709868e+00
1.510389519310819217e+00
2.641685336619245206e+00
1.616457632049204118e+00
1.866364397083184024e+00
2.428632383081796409e+00
1.477111297347053709e+00
1.712284762501248059e+00
1.867418800354810227e+00
2.017551634579708875e+00
1.097829858896175237e+00
1.484981761153423063e+00
1.935954591648189282e+00
2.017997237825111867e+00
2.385907391429392899e+00
1.920046544389812704e+00
3.266476590636254507e+00
1.994595378356657012e+00
1.598251564185544815e+00
2.458366258442185259e+00
2.407940894686417810e+00
1.807670062468221150e+00
1.842203993999366851e+00
1.850434011147906066e+00
1.571966255419535941e+00
1.776439268022422135e+00
2.260079389144637130e+00
2.593872305140962009e+00
1.694275781310514928e+00
2.062482395416156411e+00
2.258253607098147597e+00
1.587461093457182448e+00
1.769274486713430017e+00
3.178660875806913033e+00
2.369765969534153971e+00
1.871004324293364496e+00
4.066823661009964397e+00
2.728431372549019684e+00
1.882875895507446939e+00
2.766298983906706699e+00
3.070301436229682324e+00
2.741640017399701090e+00
2.437639091507194156e+00
1.972907958653411731e+00
1.487357401912298149e+00
1.758285813933211150e+00
1.839212717311591527e+00
2.625255346569618897e+00
1.935868868813897636e+00
1.753828643331045489e+00
1.573671723064955286e+00
2.314809681927755936e+00
1.633444663731592472e+00
1.534478458049886473e+00
2.594338251653246719e+00
1.284723738980421803e+00
1.507486626109138195e+00
2.106206037884948312e+00
1.531408406395754485e+00
1.516581221620038056e+00
1.229212869097978444e+00
1.892748979299311518e+00
2.310603616507441949e+00
2.282879288331298273e+00
1.927771937589908280e+00
1.951401064532062968e+00
1.896704883447464907e+00
1.449016797914869592e+00
3.005334269287337712e+00
2.359428571428571431e+00
2.446030270067955925e+00
2.158678604134417256e+00
2.278158437495674260e+00
1.352098172315439051e+00
1.534231913355027510e+00
3.399624584562093155e+00
2.035049747103479412e+00
1.648066566086042295e+00
2.077149877149877089e+00
1.706858665196821612e+00
1.510374449146231424e+00
1.813780834701770539e+00
2.152181378989245442e+00
2.352357844443509372e+00
1.692851130021044925e+00
1.656119635771462706e+00
1.602601173207801821e+00
1.326573532646204479e+00
1.219035229379747731e+00
2.214914241595856037e+00
2.189581315251318383e+00
1.358990483573471630e+00
1.474851264198522749e+00
1.839447513565215742e+00
1.172702443187880084e+00
1.014810672154862647e+00
1.473978139587839964e+00
1.404850522639862209e+00
1.110687267049460969e+00
8.043181545476361105e-01
1.338795632062599994e+00
1.380129491998405511e+00
1.492207964568212919e+00
1.876374916885514832e+00
1.592070915504020023e+00
1.389257711199926915e+00
